5
6
7
8
9
10
14
15
16
17
18
23
31
33
43
48
49
54
55
60
64
65
66
68
71
72
75
76
82
90
91
92
93
94
96
102
103
104
105
107
108
109
111
112
113
114
115
146
154
159
160
161
162
163
164
167
170
171
172
173
174
175
176
177
179
180
186
188
191
193
194
195
199
201
203
219
220
221
223
224
226
227
231
232
260
262
263
264
265
266
267
268
269
270
271
272
284
290
294
296
297
298
299
300
301
304
306
307
310
311
314
315
316
317
318
319
320
322
323
324
325
326
328
359
360
363
365
366
367
368
370
371
372
373
374
376
377
378
379
410
411
412
413
413
414
415
416
417
418
419
420
421
423
424
425
426
427
428
429
430
432
460
463
464
467
468
469
470
471
472
473
474
477
479
481
482
483
484
485
486
487
488
489
490
491
492
493
496
497
498
499
500
501
502
503
504
505
506
507
509
510
511
512
513
515
516
517
518
519
522
530
679
680
704
705
706
707
708
709
710
711
712
713
714
715
716
717
718
719
721
723
724
725
727
728
729
730
731
745
746
747
748
749
750
751
752
753
754
755
756
757
758
759
760
761
762
763
764
765
766
767
768
769
770
771
772
773
774
775
776
777
778
779
780
781
782
784
785
786
787
788
789
790
791
792
793
794
796
797
798
800
801
802
803
804
805
807
821
822
823
825
826
827
828
829
830
832
833
839
840
883
886
888
891
893
1062
1081
1290
1291
1292
1293
1294
1295
1297
1298
1299
1301
1302
1303
1304
1305
1306
1307
1308
1309
1310
1311
1312
1316
1321
1349
1350
1351
1355
1356
1357
1358
1359
1360
1361
1362
1363
1364
1366
1367
1368
1369
1370
1371
1372
1373
1374
1375
1376
1377
1378
1379
1380
1381
1382
1383
1384
1385
1386
1387
1388
1389
1393
1402
1406
1410
1412
1413
1414
1415
1416
1417
1418
1419
1420
1421
1422
1423
1424
1425
1427
1428
1431
1432
1433
1434
1446
1468
1469
1471
1472
1473
1474
1475
1476
1477
1478
1479
1480
1481
1482
1483
1484
1495
1525
1526
1531
1532
1533
1534
1536
1537
1561
1563
1564
1565
1566
1567
1568
1569
1570
1571
1572
1573
1574
1575
1576
1577
1578
1579
1580
1581
1584
1585
1586
1587
1594
1602
1603
1610
1612
1613
1614
1615
1616
1617
1618
1620
1621
1623
1624
1625
1626
1627
1628
1629
1631
1632
1635
1644
1645
1646
1647
1648
1649
1650
1651
1652
1655
1656
1657
1658
1659
1660
1661
1663
1664
1667
1668
1669
1670
1671
1672
1673
1674
1675
1676
1677
1678
1679
1680
1681
1682
1683
1684
1685
1686
1687
1688
1689
1690
1691
1692
1693
1694
1695
1696
1697
1698
1699
1700
1701
1702
1709
1735
1736
1741
1742
1743
1745
1746
1748
1749
1750
1751
1752
1806
1807
1808
1809
1810
1811
1812
1813
1814
1815
1816
1817
1818
1819
1820
1821
1822
1823
1824
1825
1826
1827
1828
1829
1830
1832
1833
1834
1835
1838
1839
1840
1841
1842
1843
1844
1845
1846
1847
1848
1849
1850
1851
1852
1853
1855
1859
1860
1866
1867
1874
1879
1882
1887
1888
1889
1907
1908
1909
1910
1911
1912
1913
1914
1915
1916
1919
1920
1922
1926
1932
1935
1941
1943
1944
1946
1947
1965
1966
1967
1968
1971
1972
1973
1974
1975
1976
1977
1978
1979
1981
1982
1984
1985
1986
1987
1988
1989
1990
1991
1992
1993
1994
1995
2000
2001
2002
2003
2004
2005
2035
2036
2037
2038
2039
2040
2041
2042
2043
2044
2045
2046
2047
2048
2049
2050
2051
2052
2053
2054
2055
2056
2057
2058
2059
2060
2061
2062
2063
2064
2065
2066
2067
2070
2082
2090
2096
2097
2098
2099
2100
2101
2102
2104
2105
2107
2112
2113
2114
2115
2122
2123
2154
2160
2161
2162
2163
2164
2165
2167
2168
2170
2172
2174
2175
2178
2179
2180
2181
2182
2183
2184
2185
2186
2187
2188
2189
2190
2191
2192
2193
2194
2223
2224
2225
2227
2228
2229
2230
2231
2232
2233
2234
2235
2236
2238
2239
2240
2241
2245
2246
2247
2248
2249
2250
2251
2252
2253
2255
2256
2257
2258
2259
2260
2262
2264
2265
2266
2267
2268
2274
2276
2290
2291
2292
2293
2294
2295
2296
2297
2299
2300
2301
2302
2303
2304
2305
2306
2307
2308
2309
2310
2311
2312
2410
2411
2416
2417
2418
2419
2420
2421
2422
2423
2424
2425
2426
2427
2428
2429
2430
2431
2432
2433
2434
2435
2436
2437
2438
2439
2440
2441
2442
2443
2444
2445
2446
2449
2450
2451
2452
2453
2454
2455
2456
2457
2458
2459
2460
2461
2462
2463
2464
2465
2466
2467
2468
2469
2470
2471
2472
2473
2474
2479
2484
2498
2499
2500
2501
2502
2503
2504
2505
2506
2507
2508
2509
2510
2519
2520
2521
2522
2523
2524
2525
2526
2527
2528
2529
2542
2543
2544
2545
2546
2547
2548
2549
2550
2551
2552
2553
2568
2596
2597
2598
2599
2616
2617
2631
2633
2663
2664
2670
2671
2672
2683
2740
2742
2743
2744
2746
2747
2748
2749
2750
2751
2752
2756
2757
2758
2759
2760
2761
2763
2764
2765
2766
2767
2768
2769
2770
2771
2772
2773
2805
2807
2808
2809
2810
2811
2816
2817
2820
2821
2822
2824
2825
2835
2836
2837
2839
2840
2841
2842
2843
2844
2845
2846
2847
2848
2885
2886
2887
2888
2889
2891
2892
2893
2894
2895
2899
2905
2906
2907
2908
2910
2911
2913
2916
2917
2957
2958
3001
3011
3016
3017
3018
3020
3024
3040
3041
3042
3043
3044
3045
3046
3048
3049
3052
3060
3062
3071
3072
3079
3080
3089
3091
3092
3096
3099
3104
3108
3117
3118
3119
3126
